(kicad_pcb (version 20170922) (host pcbnew "(2017-11-03 revision 08a9dc0)-master")

  (general
    (thickness 1.6)
    (drawings 8)
    (tracks 41)
    (zones 0)
    (modules 17)
    (nets 9)
  )

  (page A4)
  (layers
    (0 F.Cu signal)
    (31 B.Cu signal)
    (32 B.Adhes user)
    (33 F.Adhes user)
    (34 B.Paste user)
    (35 F.Paste user)
    (36 B.SilkS user)
    (37 F.SilkS user)
    (38 B.Mask user)
    (39 F.Mask user)
    (40 Dwgs.User user)
    (41 Cmts.User user)
    (42 Eco1.User user)
    (43 Eco2.User user)
    (44 Edge.Cuts user)
    (45 Margin user)
    (46 B.CrtYd user)
    (47 F.CrtYd user)
    (48 B.Fab user)
    (49 F.Fab user)
  )

  (setup
    (last_trace_width 0.25)
    (trace_clearance 0.2)
    (zone_clearance 0.508)
    (zone_45_only yes)
    (trace_min 0.2)
    (segment_width 0.2)
    (edge_width 0.15)
    (via_size 0.6)
    (via_drill 0.4)
    (via_min_size 0.4)
    (via_min_drill 0.3)
    (uvia_size 0.3)
    (uvia_drill 0.1)
    (uvias_allowed no)
    (uvia_min_size 0.2)
    (uvia_min_drill 0.1)
    (pcb_text_width 0.3)
    (pcb_text_size 1.5 1.5)
    (mod_edge_width 0.15)
    (mod_text_size 1 1)
    (mod_text_width 0.15)
    (pad_size 1.524 1.524)
    (pad_drill 0.762)
    (pad_to_mask_clearance 0.2)
    (aux_axis_origin 0 0)
    (visible_elements FFFFFF7F)
    (pcbplotparams
      (layerselection 0x00030_80000001)
      (usegerberextensions false)
      (usegerberattributes true)
      (usegerberadvancedattributes true)
      (creategerberjobfile true)
      (excludeedgelayer true)
      (linewidth 0.100000)
      (plotframeref false)
      (viasonmask false)
      (mode 1)
      (useauxorigin false)
      (hpglpennumber 1)
      (hpglpenspeed 20)
      (hpglpendiameter 15)
      (psnegative false)
      (psa4output false)
      (plotreference true)
      (plotvalue true)
      (plotinvisibletext false)
      (padsonsilk false)
      (subtractmaskfromsilk false)
      (outputformat 1)
      (mirror false)
      (drillshape 1)
      (scaleselection 1)
      (outputdirectory ""))
  )

  (net 0 "")
  (net 1 /Gnd)
  (net 2 /Vin)
  (net 3 "Net-(R1-Pad2)")
  (net 4 /SW)
  (net 5 "Net-(C3-Pad1)")
  (net 6 "Net-(R2-Pad1)")
  (net 7 /5v)
  (net 8 /3v3)

  (net_class Default "This is the default net class."
    (clearance 0.2)
    (trace_width 0.25)
    (via_dia 0.6)
    (via_drill 0.4)
    (uvia_dia 0.3)
    (uvia_drill 0.1)
    (add_net /3v3)
    (add_net /5v)
    (add_net /Gnd)
    (add_net /SW)
    (add_net /Vin)
    (add_net "Net-(C3-Pad1)")
    (add_net "Net-(R1-Pad2)")
    (add_net "Net-(R2-Pad1)")
  )

  (module footprints:C_0603_1608Metric (layer F.Cu) (tedit 59FE48B8) (tstamp 5A0C2C94)
    (at 135.1 107.7 90)
    (descr "Capacitor SMD 0603 (1608 Metric), square (rectangular) end terminal, IPC_7351 nominal, (Body size source: http://www.tortai-tech.com/upload/download/2011102023233369053.pdf), generated with kicad-footprint-generator")
    (tags capacitor)
    (path /5A09A767)
    (attr smd)
    (fp_text reference C1 (at 0 -1.65 90) (layer F.SilkS)
      (effects (font (size 1 1) (thickness 0.15)))
    )
    (fp_text value 10uF (at 0 1.65 90) (layer F.Fab)
      (effects (font (size 1 1) (thickness 0.15)))
    )
    (fp_line (start -0.8 0.4) (end -0.8 -0.4) (layer F.Fab) (width 0.1))
    (fp_line (start -0.8 -0.4) (end 0.8 -0.4) (layer F.Fab) (width 0.1))
    (fp_line (start 0.8 -0.4) (end 0.8 0.4) (layer F.Fab) (width 0.1))
    (fp_line (start 0.8 0.4) (end -0.8 0.4) (layer F.Fab) (width 0.1))
    (fp_line (start -0.22 -0.51) (end 0.22 -0.51) (layer F.SilkS) (width 0.12))
    (fp_line (start -0.22 0.51) (end 0.22 0.51) (layer F.SilkS) (width 0.12))
    (fp_line (start -1.46 0.75) (end -1.46 -0.75) (layer F.CrtYd) (width 0.05))
    (fp_line (start -1.46 -0.75) (end 1.46 -0.75) (layer F.CrtYd) (width 0.05))
    (fp_line (start 1.46 -0.75) (end 1.46 0.75) (layer F.CrtYd) (width 0.05))
    (fp_line (start 1.46 0.75) (end -1.46 0.75) (layer F.CrtYd) (width 0.05))
    (fp_text user %R (at 0 0 90) (layer F.Fab)
      (effects (font (size 0.5 0.5) (thickness 0.08)))
    )
    (pad 1 smd rect (at -0.875 0 90) (size 0.67 1) (layers F.Cu F.Paste F.Mask)
      (net 2 /Vin))
    (pad 2 smd rect (at 0.875 0 90) (size 0.67 1) (layers F.Cu F.Paste F.Mask)
      (net 1 /Gnd))
    (model ${KISYS3DMOD}/Capacitor_SMD.3dshapes/C_0603_1608Metric.wrl
      (at (xyz 0 0 0))
      (scale (xyz 1 1 1))
      (rotate (xyz 0 0 0))
    )
  )

  (module footprints:C_0603_1608Metric (layer F.Cu) (tedit 59FE48B8) (tstamp 5A0C2CA4)
    (at 132.3 107.7 90)
    (descr "Capacitor SMD 0603 (1608 Metric), square (rectangular) end terminal, IPC_7351 nominal, (Body size source: http://www.tortai-tech.com/upload/download/2011102023233369053.pdf), generated with kicad-footprint-generator")
    (tags capacitor)
    (path /5A09A846)
    (attr smd)
    (fp_text reference C2 (at 0 -1.65 90) (layer F.SilkS)
      (effects (font (size 1 1) (thickness 0.15)))
    )
    (fp_text value 10uF (at 0 1.65 90) (layer F.Fab)
      (effects (font (size 1 1) (thickness 0.15)))
    )
    (fp_text user %R (at 0 0 90) (layer F.Fab)
      (effects (font (size 0.5 0.5) (thickness 0.08)))
    )
    (fp_line (start 1.46 0.75) (end -1.46 0.75) (layer F.CrtYd) (width 0.05))
    (fp_line (start 1.46 -0.75) (end 1.46 0.75) (layer F.CrtYd) (width 0.05))
    (fp_line (start -1.46 -0.75) (end 1.46 -0.75) (layer F.CrtYd) (width 0.05))
    (fp_line (start -1.46 0.75) (end -1.46 -0.75) (layer F.CrtYd) (width 0.05))
    (fp_line (start -0.22 0.51) (end 0.22 0.51) (layer F.SilkS) (width 0.12))
    (fp_line (start -0.22 -0.51) (end 0.22 -0.51) (layer F.SilkS) (width 0.12))
    (fp_line (start 0.8 0.4) (end -0.8 0.4) (layer F.Fab) (width 0.1))
    (fp_line (start 0.8 -0.4) (end 0.8 0.4) (layer F.Fab) (width 0.1))
    (fp_line (start -0.8 -0.4) (end 0.8 -0.4) (layer F.Fab) (width 0.1))
    (fp_line (start -0.8 0.4) (end -0.8 -0.4) (layer F.Fab) (width 0.1))
    (pad 2 smd rect (at 0.875 0 90) (size 0.67 1) (layers F.Cu F.Paste F.Mask)
      (net 1 /Gnd))
    (pad 1 smd rect (at -0.875 0 90) (size 0.67 1) (layers F.Cu F.Paste F.Mask)
      (net 2 /Vin))
    (model ${KISYS3DMOD}/Capacitor_SMD.3dshapes/C_0603_1608Metric.wrl
      (at (xyz 0 0 0))
      (scale (xyz 1 1 1))
      (rotate (xyz 0 0 0))
    )
  )

  (module footprints:C_0603_1608Metric (layer B.Cu) (tedit 59FE48B8) (tstamp 5A0C2CB4)
    (at 142.8 105.1)
    (descr "Capacitor SMD 0603 (1608 Metric), square (rectangular) end terminal, IPC_7351 nominal, (Body size source: http://www.tortai-tech.com/upload/download/2011102023233369053.pdf), generated with kicad-footprint-generator")
    (tags capacitor)
    (path /5A09ADC8)
    (attr smd)
    (fp_text reference C3 (at 0 1.65) (layer B.SilkS)
      (effects (font (size 1 1) (thickness 0.15)) (justify mirror))
    )
    (fp_text value 0,1uF (at 0 -1.65) (layer B.Fab)
      (effects (font (size 1 1) (thickness 0.15)) (justify mirror))
    )
    (fp_line (start -0.8 -0.4) (end -0.8 0.4) (layer B.Fab) (width 0.1))
    (fp_line (start -0.8 0.4) (end 0.8 0.4) (layer B.Fab) (width 0.1))
    (fp_line (start 0.8 0.4) (end 0.8 -0.4) (layer B.Fab) (width 0.1))
    (fp_line (start 0.8 -0.4) (end -0.8 -0.4) (layer B.Fab) (width 0.1))
    (fp_line (start -0.22 0.51) (end 0.22 0.51) (layer B.SilkS) (width 0.12))
    (fp_line (start -0.22 -0.51) (end 0.22 -0.51) (layer B.SilkS) (width 0.12))
    (fp_line (start -1.46 -0.75) (end -1.46 0.75) (layer B.CrtYd) (width 0.05))
    (fp_line (start -1.46 0.75) (end 1.46 0.75) (layer B.CrtYd) (width 0.05))
    (fp_line (start 1.46 0.75) (end 1.46 -0.75) (layer B.CrtYd) (width 0.05))
    (fp_line (start 1.46 -0.75) (end -1.46 -0.75) (layer B.CrtYd) (width 0.05))
    (fp_text user %R (at 0 0) (layer B.Fab)
      (effects (font (size 0.5 0.5) (thickness 0.08)) (justify mirror))
    )
    (pad 1 smd rect (at -0.875 0) (size 0.67 1) (layers B.Cu B.Paste B.Mask)
      (net 5 "Net-(C3-Pad1)"))
    (pad 2 smd rect (at 0.875 0) (size 0.67 1) (layers B.Cu B.Paste B.Mask)
      (net 4 /SW))
    (model ${KISYS3DMOD}/Capacitor_SMD.3dshapes/C_0603_1608Metric.wrl
      (at (xyz 0 0 0))
      (scale (xyz 1 1 1))
      (rotate (xyz 0 0 0))
    )
  )

  (module footprints:C_0603_1608Metric (layer F.Cu) (tedit 59FE48B8) (tstamp 5A0C2CC4)
    (at 136.6 98.8 270)
    (descr "Capacitor SMD 0603 (1608 Metric), square (rectangular) end terminal, IPC_7351 nominal, (Body size source: http://www.tortai-tech.com/upload/download/2011102023233369053.pdf), generated with kicad-footprint-generator")
    (tags capacitor)
    (path /5A09B81E)
    (attr smd)
    (fp_text reference C4 (at 0 -1.65 270) (layer F.SilkS)
      (effects (font (size 1 1) (thickness 0.15)))
    )
    (fp_text value 47uF (at 0 1.65 270) (layer F.Fab)
      (effects (font (size 1 1) (thickness 0.15)))
    )
    (fp_text user %R (at 0 0 270) (layer F.Fab)
      (effects (font (size 0.5 0.5) (thickness 0.08)))
    )
    (fp_line (start 1.46 0.75) (end -1.46 0.75) (layer F.CrtYd) (width 0.05))
    (fp_line (start 1.46 -0.75) (end 1.46 0.75) (layer F.CrtYd) (width 0.05))
    (fp_line (start -1.46 -0.75) (end 1.46 -0.75) (layer F.CrtYd) (width 0.05))
    (fp_line (start -1.46 0.75) (end -1.46 -0.75) (layer F.CrtYd) (width 0.05))
    (fp_line (start -0.22 0.51) (end 0.22 0.51) (layer F.SilkS) (width 0.12))
    (fp_line (start -0.22 -0.51) (end 0.22 -0.51) (layer F.SilkS) (width 0.12))
    (fp_line (start 0.8 0.4) (end -0.8 0.4) (layer F.Fab) (width 0.1))
    (fp_line (start 0.8 -0.4) (end 0.8 0.4) (layer F.Fab) (width 0.1))
    (fp_line (start -0.8 -0.4) (end 0.8 -0.4) (layer F.Fab) (width 0.1))
    (fp_line (start -0.8 0.4) (end -0.8 -0.4) (layer F.Fab) (width 0.1))
    (pad 2 smd rect (at 0.875 0 270) (size 0.67 1) (layers F.Cu F.Paste F.Mask)
      (net 1 /Gnd))
    (pad 1 smd rect (at -0.875 0 270) (size 0.67 1) (layers F.Cu F.Paste F.Mask)
      (net 7 /5v))
    (model ${KISYS3DMOD}/Capacitor_SMD.3dshapes/C_0603_1608Metric.wrl
      (at (xyz 0 0 0))
      (scale (xyz 1 1 1))
      (rotate (xyz 0 0 0))
    )
  )

  (module footprints:C_0603_1608Metric (layer F.Cu) (tedit 59FE48B8) (tstamp 5A0C2CD4)
    (at 139 98.8 270)
    (descr "Capacitor SMD 0603 (1608 Metric), square (rectangular) end terminal, IPC_7351 nominal, (Body size source: http://www.tortai-tech.com/upload/download/2011102023233369053.pdf), generated with kicad-footprint-generator")
    (tags capacitor)
    (path /5A09B916)
    (attr smd)
    (fp_text reference C5 (at 0 -1.65 270) (layer F.SilkS)
      (effects (font (size 1 1) (thickness 0.15)))
    )
    (fp_text value C (at 0 1.65 270) (layer F.Fab)
      (effects (font (size 1 1) (thickness 0.15)))
    )
    (fp_line (start -0.8 0.4) (end -0.8 -0.4) (layer F.Fab) (width 0.1))
    (fp_line (start -0.8 -0.4) (end 0.8 -0.4) (layer F.Fab) (width 0.1))
    (fp_line (start 0.8 -0.4) (end 0.8 0.4) (layer F.Fab) (width 0.1))
    (fp_line (start 0.8 0.4) (end -0.8 0.4) (layer F.Fab) (width 0.1))
    (fp_line (start -0.22 -0.51) (end 0.22 -0.51) (layer F.SilkS) (width 0.12))
    (fp_line (start -0.22 0.51) (end 0.22 0.51) (layer F.SilkS) (width 0.12))
    (fp_line (start -1.46 0.75) (end -1.46 -0.75) (layer F.CrtYd) (width 0.05))
    (fp_line (start -1.46 -0.75) (end 1.46 -0.75) (layer F.CrtYd) (width 0.05))
    (fp_line (start 1.46 -0.75) (end 1.46 0.75) (layer F.CrtYd) (width 0.05))
    (fp_line (start 1.46 0.75) (end -1.46 0.75) (layer F.CrtYd) (width 0.05))
    (fp_text user %R (at 0 0 270) (layer F.Fab)
      (effects (font (size 0.5 0.5) (thickness 0.08)))
    )
    (pad 1 smd rect (at -0.875 0 270) (size 0.67 1) (layers F.Cu F.Paste F.Mask)
      (net 7 /5v))
    (pad 2 smd rect (at 0.875 0 270) (size 0.67 1) (layers F.Cu F.Paste F.Mask)
      (net 1 /Gnd))
    (model ${KISYS3DMOD}/Capacitor_SMD.3dshapes/C_0603_1608Metric.wrl
      (at (xyz 0 0 0))
      (scale (xyz 1 1 1))
      (rotate (xyz 0 0 0))
    )
  )

  (module footprints:C_0603_1608Metric (layer F.Cu) (tedit 59FE48B8) (tstamp 5A0C2CE4)
    (at 132.9 90.9 180)
    (descr "Capacitor SMD 0603 (1608 Metric), square (rectangular) end terminal, IPC_7351 nominal, (Body size source: http://www.tortai-tech.com/upload/download/2011102023233369053.pdf), generated with kicad-footprint-generator")
    (tags capacitor)
    (path /5A09BAED)
    (attr smd)
    (fp_text reference C6 (at 0 -1.65 180) (layer F.SilkS)
      (effects (font (size 1 1) (thickness 0.15)))
    )
    (fp_text value 0.1uF (at 0 1.65 180) (layer F.Fab)
      (effects (font (size 1 1) (thickness 0.15)))
    )
    (fp_text user %R (at 0 0 180) (layer F.Fab)
      (effects (font (size 0.5 0.5) (thickness 0.08)))
    )
    (fp_line (start 1.46 0.75) (end -1.46 0.75) (layer F.CrtYd) (width 0.05))
    (fp_line (start 1.46 -0.75) (end 1.46 0.75) (layer F.CrtYd) (width 0.05))
    (fp_line (start -1.46 -0.75) (end 1.46 -0.75) (layer F.CrtYd) (width 0.05))
    (fp_line (start -1.46 0.75) (end -1.46 -0.75) (layer F.CrtYd) (width 0.05))
    (fp_line (start -0.22 0.51) (end 0.22 0.51) (layer F.SilkS) (width 0.12))
    (fp_line (start -0.22 -0.51) (end 0.22 -0.51) (layer F.SilkS) (width 0.12))
    (fp_line (start 0.8 0.4) (end -0.8 0.4) (layer F.Fab) (width 0.1))
    (fp_line (start 0.8 -0.4) (end 0.8 0.4) (layer F.Fab) (width 0.1))
    (fp_line (start -0.8 -0.4) (end 0.8 -0.4) (layer F.Fab) (width 0.1))
    (fp_line (start -0.8 0.4) (end -0.8 -0.4) (layer F.Fab) (width 0.1))
    (pad 2 smd rect (at 0.875 0 180) (size 0.67 1) (layers F.Cu F.Paste F.Mask)
      (net 1 /Gnd))
    (pad 1 smd rect (at -0.875 0 180) (size 0.67 1) (layers F.Cu F.Paste F.Mask)
      (net 7 /5v))
    (model ${KISYS3DMOD}/Capacitor_SMD.3dshapes/C_0603_1608Metric.wrl
      (at (xyz 0 0 0))
      (scale (xyz 1 1 1))
      (rotate (xyz 0 0 0))
    )
  )

  (module footprints:C_0603_1608Metric (layer F.Cu) (tedit 59FE48B8) (tstamp 5A0C2CF4)
    (at 128.4 90.9)
    (descr "Capacitor SMD 0603 (1608 Metric), square (rectangular) end terminal, IPC_7351 nominal, (Body size source: http://www.tortai-tech.com/upload/download/2011102023233369053.pdf), generated with kicad-footprint-generator")
    (tags capacitor)
    (path /5A09BBBF)
    (attr smd)
    (fp_text reference C7 (at 0 -1.65) (layer F.SilkS)
      (effects (font (size 1 1) (thickness 0.15)))
    )
    (fp_text value 0.1uF (at 0 1.65) (layer F.Fab)
      (effects (font (size 1 1) (thickness 0.15)))
    )
    (fp_line (start -0.8 0.4) (end -0.8 -0.4) (layer F.Fab) (width 0.1))
    (fp_line (start -0.8 -0.4) (end 0.8 -0.4) (layer F.Fab) (width 0.1))
    (fp_line (start 0.8 -0.4) (end 0.8 0.4) (layer F.Fab) (width 0.1))
    (fp_line (start 0.8 0.4) (end -0.8 0.4) (layer F.Fab) (width 0.1))
    (fp_line (start -0.22 -0.51) (end 0.22 -0.51) (layer F.SilkS) (width 0.12))
    (fp_line (start -0.22 0.51) (end 0.22 0.51) (layer F.SilkS) (width 0.12))
    (fp_line (start -1.46 0.75) (end -1.46 -0.75) (layer F.CrtYd) (width 0.05))
    (fp_line (start -1.46 -0.75) (end 1.46 -0.75) (layer F.CrtYd) (width 0.05))
    (fp_line (start 1.46 -0.75) (end 1.46 0.75) (layer F.CrtYd) (width 0.05))
    (fp_line (start 1.46 0.75) (end -1.46 0.75) (layer F.CrtYd) (width 0.05))
    (fp_text user %R (at 0 0) (layer F.Fab)
      (effects (font (size 0.5 0.5) (thickness 0.08)))
    )
    (pad 1 smd rect (at -0.875 0) (size 0.67 1) (layers F.Cu F.Paste F.Mask)
      (net 8 /3v3))
    (pad 2 smd rect (at 0.875 0) (size 0.67 1) (layers F.Cu F.Paste F.Mask)
      (net 1 /Gnd))
    (model ${KISYS3DMOD}/Capacitor_SMD.3dshapes/C_0603_1608Metric.wrl
      (at (xyz 0 0 0))
      (scale (xyz 1 1 1))
      (rotate (xyz 0 0 0))
    )
  )

  (module footprints:D_SMB_Handsoldering (layer F.Cu) (tedit 590B3D55) (tstamp 5A0C2D04)
    (at 145.1 100.6 180)
    (descr "Diode SMB (DO-214AA) Handsoldering")
    (tags "Diode SMB (DO-214AA) Handsoldering")
    (path /5A09AF2F)
    (attr smd)
    (fp_text reference D1 (at 0 -3 180) (layer F.SilkS)
      (effects (font (size 1 1) (thickness 0.15)))
    )
    (fp_text value SSB43L (at 0 3 180) (layer F.Fab)
      (effects (font (size 1 1) (thickness 0.15)))
    )
    (fp_text user %R (at 0 -3 180) (layer F.Fab)
      (effects (font (size 1 1) (thickness 0.15)))
    )
    (fp_line (start -4.6 -2.15) (end -4.6 2.15) (layer F.SilkS) (width 0.12))
    (fp_line (start 2.3 2) (end -2.3 2) (layer F.Fab) (width 0.1))
    (fp_line (start -2.3 2) (end -2.3 -2) (layer F.Fab) (width 0.1))
    (fp_line (start 2.3 -2) (end 2.3 2) (layer F.Fab) (width 0.1))
    (fp_line (start 2.3 -2) (end -2.3 -2) (layer F.Fab) (width 0.1))
    (fp_line (start -4.7 -2.25) (end 4.7 -2.25) (layer F.CrtYd) (width 0.05))
    (fp_line (start 4.7 -2.25) (end 4.7 2.25) (layer F.CrtYd) (width 0.05))
    (fp_line (start 4.7 2.25) (end -4.7 2.25) (layer F.CrtYd) (width 0.05))
    (fp_line (start -4.7 2.25) (end -4.7 -2.25) (layer F.CrtYd) (width 0.05))
    (fp_line (start -0.64944 0.00102) (end -1.55114 0.00102) (layer F.Fab) (width 0.1))
    (fp_line (start 0.50118 0.00102) (end 1.4994 0.00102) (layer F.Fab) (width 0.1))
    (fp_line (start -0.64944 -0.79908) (end -0.64944 0.80112) (layer F.Fab) (width 0.1))
    (fp_line (start 0.50118 0.75032) (end 0.50118 -0.79908) (layer F.Fab) (width 0.1))
    (fp_line (start -0.64944 0.00102) (end 0.50118 0.75032) (layer F.Fab) (width 0.1))
    (fp_line (start -0.64944 0.00102) (end 0.50118 -0.79908) (layer F.Fab) (width 0.1))
    (fp_line (start -4.6 2.15) (end 2.7 2.15) (layer F.SilkS) (width 0.12))
    (fp_line (start -4.6 -2.15) (end 2.7 -2.15) (layer F.SilkS) (width 0.12))
    (pad 1 smd rect (at -2.7 0 180) (size 3.5 2.3) (layers F.Cu F.Paste F.Mask)
      (net 4 /SW))
    (pad 2 smd rect (at 2.7 0 180) (size 3.5 2.3) (layers F.Cu F.Paste F.Mask)
      (net 1 /Gnd))
    (model ${KISYS3DMOD}/Diode_SMD.3dshapes/D_SMB.wrl
      (at (xyz 0 0 0))
      (scale (xyz 1 1 1))
      (rotate (xyz 0 0 0))
    )
  )

  (module footprints:L_TDK_VLF10040 (layer F.Cu) (tedit 5A01DF12) (tstamp 5A0C2D1B)
    (at 145.6 92.5 180)
    (descr "Inductor,TDK, TDK-VLP-8040, 8.6mmx8.6mm")
    (tags "inductor TDK VLP smd VLF10040")
    (path /5A09B461)
    (attr smd)
    (fp_text reference L1 (at 0 -6.35 180) (layer F.SilkS)
      (effects (font (size 1 1) (thickness 0.15)))
    )
    (fp_text value VLF10040T (at 0 6 180) (layer F.Fab)
      (effects (font (size 1 1) (thickness 0.15)))
    )
    (fp_text user %R (at 0 0 180) (layer F.Fab)
      (effects (font (size 1 1) (thickness 0.15)))
    )
    (fp_line (start -3.5 -3.5) (end -2.4 -3.5) (layer F.Fab) (width 0.1))
    (fp_line (start -3.5 -2.4) (end -3.5 -3.5) (layer F.Fab) (width 0.1))
    (fp_line (start 3.5 3.5) (end 2.4 3.5) (layer F.Fab) (width 0.1))
    (fp_line (start 3.5 2.4) (end 3.5 3.5) (layer F.Fab) (width 0.1))
    (fp_line (start -3.5 2.4) (end -3.5 3.5) (layer F.Fab) (width 0.1))
    (fp_line (start -3.5 3.5) (end -2.4 3.5) (layer F.Fab) (width 0.1))
    (fp_line (start 3.5 -3.5) (end 3.5 -2.4) (layer F.Fab) (width 0.1))
    (fp_line (start 3.5 -3.5) (end 2.4 -3.5) (layer F.Fab) (width 0.1))
    (fp_line (start -5 -5) (end -5 5) (layer F.CrtYd) (width 0.05))
    (fp_line (start -5 5) (end 5 5) (layer F.CrtYd) (width 0.05))
    (fp_line (start 5 5) (end 5 -5) (layer F.CrtYd) (width 0.05))
    (fp_line (start 5 -5) (end -5 -5) (layer F.CrtYd) (width 0.05))
    (fp_line (start -5.1 5.1) (end 5.1 5.1) (layer F.SilkS) (width 0.12))
    (fp_line (start -5.1 -5.1) (end 5.1 -5.1) (layer F.SilkS) (width 0.12))
    (fp_circle (center 0 0) (end 3 3) (layer F.Fab) (width 0.1))
    (pad 1 smd rect (at -4.5 0 180) (size 1.7 3.6) (layers F.Cu F.Paste F.Mask)
      (net 4 /SW))
    (pad 2 smd rect (at 4.5 0 180) (size 1.7 3.6) (layers F.Cu F.Paste F.Mask)
      (net 7 /5v))
    (model ${KISYS3DMOD}/Inductor_SMD.3dshapes/L_TDK_VLF10040.wrl
      (at (xyz 0 0 0))
      (scale (xyz 1 1 1))
      (rotate (xyz 0 0 0))
    )
  )

  (module footprints:L_Bourns-SRN6028 (layer F.Cu) (tedit 5A01E340) (tstamp 5A0C2D30)
    (at 145.5 83.7 180)
    (descr "Bourns SRN6028 series SMD inductor")
    (tags "Bourns SRN6028 SMD inductor")
    (path /5A09B4C5)
    (attr smd)
    (fp_text reference L2 (at 0 4 180) (layer F.SilkS)
      (effects (font (size 1 1) (thickness 0.15)))
    )
    (fp_text value SRN6028 (at 0 -4 180) (layer F.Fab)
      (effects (font (size 1 1) (thickness 0.15)))
    )
    (fp_text user %R (at 0 0 180) (layer F.Fab)
      (effects (font (size 1 1) (thickness 0.15)))
    )
    (fp_line (start 3.3 3.1) (end -3.3 3.1) (layer F.Fab) (width 0.1))
    (fp_line (start -3.3 -3.1) (end 3.3 -3.1) (layer F.Fab) (width 0.1))
    (fp_line (start -3.4 -3.2) (end -3.4 -2) (layer F.SilkS) (width 0.12))
    (fp_line (start -3.4 -3.2) (end -2 -3.2) (layer F.SilkS) (width 0.12))
    (fp_line (start -3.3 -3.1) (end -3.3 3.1) (layer F.Fab) (width 0.1))
    (fp_line (start 3.3 -3.1) (end 3.3 3.1) (layer F.Fab) (width 0.1))
    (fp_line (start 3.4 -3.2) (end 2 -3.2) (layer F.SilkS) (width 0.12))
    (fp_line (start 3.4 -3.2) (end 3.4 -2) (layer F.SilkS) (width 0.12))
    (fp_line (start 3.4 3.2) (end 3.4 2) (layer F.SilkS) (width 0.12))
    (fp_line (start -3.4 3.2) (end -3.4 2) (layer F.SilkS) (width 0.12))
    (fp_line (start 3.4 3.2) (end 2 3.2) (layer F.SilkS) (width 0.12))
    (fp_line (start -3.4 3.2) (end -2 3.2) (layer F.SilkS) (width 0.12))
    (fp_line (start -3.3 -3.1) (end 3.3 -3.1) (layer F.CrtYd) (width 0.05))
    (fp_line (start 3.3 -3.1) (end 3.3 3.1) (layer F.CrtYd) (width 0.05))
    (fp_line (start 3.3 3.1) (end -3.3 3.1) (layer F.CrtYd) (width 0.05))
    (fp_line (start -3.3 -3.1) (end -3.3 3.1) (layer F.CrtYd) (width 0.05))
    (pad 1 smd rect (at -2.35 0 180) (size 1.6 5.7) (layers F.Cu F.Paste F.Mask)
      (net 4 /SW))
    (pad 2 smd rect (at 2.35 0 180) (size 1.6 5.7) (layers F.Cu F.Paste F.Mask)
      (net 7 /5v))
    (model ${KISYS3DMOD}/Inductor_SMD.3dshapes/L_Bourns-SRN6028.wrl
      (at (xyz 0 0 0))
      (scale (xyz 1 1 1))
      (rotate (xyz 0 0 0))
    )
  )

  (module footprints:PinSocket_1x03_P2.54mm_Vertical (layer F.Cu) (tedit 59FEDB18) (tstamp 5A0C2D46)
    (at 127.8 107.7)
    (descr "Through hole straight socket strip, 1x03, 2.54mm pitch, single row")
    (tags "Through hole socket strip THT 1x03 2.54mm single row")
    (path /5A09A5D8)
    (fp_text reference P1 (at 0 -2.33) (layer F.SilkS)
      (effects (font (size 1 1) (thickness 0.15)))
    )
    (fp_text value Input (at 0 7.41) (layer F.Fab)
      (effects (font (size 1 1) (thickness 0.15)))
    )
    (fp_text user %R (at 0 -2.33) (layer F.Fab)
      (effects (font (size 1 1) (thickness 0.15)))
    )
    (fp_line (start 1.8 -1.8) (end -1.8 -1.8) (layer F.CrtYd) (width 0.05))
    (fp_line (start 1.8 6.85) (end 1.8 -1.8) (layer F.CrtYd) (width 0.05))
    (fp_line (start -1.8 6.85) (end 1.8 6.85) (layer F.CrtYd) (width 0.05))
    (fp_line (start -1.8 -1.8) (end -1.8 6.85) (layer F.CrtYd) (width 0.05))
    (fp_line (start -1.33 -1.33) (end 0 -1.33) (layer F.SilkS) (width 0.12))
    (fp_line (start -1.33 0) (end -1.33 -1.33) (layer F.SilkS) (width 0.12))
    (fp_line (start 1.33 1.27) (end -1.33 1.27) (layer F.SilkS) (width 0.12))
    (fp_line (start 1.33 6.41) (end 1.33 1.27) (layer F.SilkS) (width 0.12))
    (fp_line (start -1.33 6.41) (end 1.33 6.41) (layer F.SilkS) (width 0.12))
    (fp_line (start -1.33 1.27) (end -1.33 6.41) (layer F.SilkS) (width 0.12))
    (fp_line (start 1.27 -1.27) (end -1.27 -1.27) (layer F.Fab) (width 0.1))
    (fp_line (start 1.27 6.35) (end 1.27 -1.27) (layer F.Fab) (width 0.1))
    (fp_line (start -1.27 6.35) (end 1.27 6.35) (layer F.Fab) (width 0.1))
    (fp_line (start -1.27 -1.27) (end -1.27 6.35) (layer F.Fab) (width 0.1))
    (pad 3 thru_hole oval (at 0 5.08) (size 1.7 1.7) (drill 1) (layers *.Cu *.Mask)
      (net 1 /Gnd))
    (pad 2 thru_hole oval (at 0 2.54) (size 1.7 1.7) (drill 1) (layers *.Cu *.Mask)
      (net 2 /Vin))
    (pad 1 thru_hole rect (at 0 0) (size 1.7 1.7) (drill 1) (layers *.Cu *.Mask)
      (net 1 /Gnd))
    (model ${KISYS3DMOD}/Conn_PinSocket_2.54mm.3dshapes/PinSocket_1x03_P2.54mm_Vertical.wrl
      (at (xyz 0 -0.1 0))
      (scale (xyz 1 1 1))
      (rotate (xyz 0 0 270))
    )
  )

  (module footprints:PinSocket_1x03_P2.54mm_Vertical (layer F.Cu) (tedit 59FEDB18) (tstamp 5A0C2D5B)
    (at 134.1 83.7 270)
    (descr "Through hole straight socket strip, 1x03, 2.54mm pitch, single row")
    (tags "Through hole socket strip THT 1x03 2.54mm single row")
    (path /5A09C2B2)
    (fp_text reference P2 (at 0 -2.33 270) (layer F.SilkS)
      (effects (font (size 1 1) (thickness 0.15)))
    )
    (fp_text value Output (at 0 7.41 270) (layer F.Fab)
      (effects (font (size 1 1) (thickness 0.15)))
    )
    (fp_line (start -1.27 -1.27) (end -1.27 6.35) (layer F.Fab) (width 0.1))
    (fp_line (start -1.27 6.35) (end 1.27 6.35) (layer F.Fab) (width 0.1))
    (fp_line (start 1.27 6.35) (end 1.27 -1.27) (layer F.Fab) (width 0.1))
    (fp_line (start 1.27 -1.27) (end -1.27 -1.27) (layer F.Fab) (width 0.1))
    (fp_line (start -1.33 1.27) (end -1.33 6.41) (layer F.SilkS) (width 0.12))
    (fp_line (start -1.33 6.41) (end 1.33 6.41) (layer F.SilkS) (width 0.12))
    (fp_line (start 1.33 6.41) (end 1.33 1.27) (layer F.SilkS) (width 0.12))
    (fp_line (start 1.33 1.27) (end -1.33 1.27) (layer F.SilkS) (width 0.12))
    (fp_line (start -1.33 0) (end -1.33 -1.33) (layer F.SilkS) (width 0.12))
    (fp_line (start -1.33 -1.33) (end 0 -1.33) (layer F.SilkS) (width 0.12))
    (fp_line (start -1.8 -1.8) (end -1.8 6.85) (layer F.CrtYd) (width 0.05))
    (fp_line (start -1.8 6.85) (end 1.8 6.85) (layer F.CrtYd) (width 0.05))
    (fp_line (start 1.8 6.85) (end 1.8 -1.8) (layer F.CrtYd) (width 0.05))
    (fp_line (start 1.8 -1.8) (end -1.8 -1.8) (layer F.CrtYd) (width 0.05))
    (fp_text user %R (at 0 -2.33 270) (layer F.Fab)
      (effects (font (size 1 1) (thickness 0.15)))
    )
    (pad 1 thru_hole rect (at 0 0 270) (size 1.7 1.7) (drill 1) (layers *.Cu *.Mask)
      (net 7 /5v))
    (pad 2 thru_hole oval (at 0 2.54 270) (size 1.7 1.7) (drill 1) (layers *.Cu *.Mask)
      (net 8 /3v3))
    (pad 3 thru_hole oval (at 0 5.08 270) (size 1.7 1.7) (drill 1) (layers *.Cu *.Mask)
      (net 1 /Gnd))
    (model ${KISYS3DMOD}/Conn_PinSocket_2.54mm.3dshapes/PinSocket_1x03_P2.54mm_Vertical.wrl
      (at (xyz 0 -0.1 0))
      (scale (xyz 1 1 1))
      (rotate (xyz 0 0 270))
    )
  )

  (module footprints:R_0603_1608Metric (layer F.Cu) (tedit 59FE48B8) (tstamp 5A0C2D70)
    (at 136.4 111.2)
    (descr "Resistor SMD 0603 (1608 Metric), square (rectangular) end terminal, IPC_7351 nominal, (Body size source: http://www.tortai-tech.com/upload/download/2011102023233369053.pdf), generated with kicad-footprint-generator")
    (tags resistor)
    (path /5A09AB04)
    (attr smd)
    (fp_text reference R1 (at 0 -1.65) (layer F.SilkS)
      (effects (font (size 1 1) (thickness 0.15)))
    )
    (fp_text value 100k (at 0 1.65) (layer F.Fab)
      (effects (font (size 1 1) (thickness 0.15)))
    )
    (fp_line (start -0.8 0.4) (end -0.8 -0.4) (layer F.Fab) (width 0.1))
    (fp_line (start -0.8 -0.4) (end 0.8 -0.4) (layer F.Fab) (width 0.1))
    (fp_line (start 0.8 -0.4) (end 0.8 0.4) (layer F.Fab) (width 0.1))
    (fp_line (start 0.8 0.4) (end -0.8 0.4) (layer F.Fab) (width 0.1))
    (fp_line (start -0.22 -0.51) (end 0.22 -0.51) (layer F.SilkS) (width 0.12))
    (fp_line (start -0.22 0.51) (end 0.22 0.51) (layer F.SilkS) (width 0.12))
    (fp_line (start -1.46 0.75) (end -1.46 -0.75) (layer F.CrtYd) (width 0.05))
    (fp_line (start -1.46 -0.75) (end 1.46 -0.75) (layer F.CrtYd) (width 0.05))
    (fp_line (start 1.46 -0.75) (end 1.46 0.75) (layer F.CrtYd) (width 0.05))
    (fp_line (start 1.46 0.75) (end -1.46 0.75) (layer F.CrtYd) (width 0.05))
    (fp_text user %R (at 0 0) (layer F.Fab)
      (effects (font (size 0.5 0.5) (thickness 0.08)))
    )
    (pad 1 smd rect (at -0.875 0) (size 0.67 1) (layers F.Cu F.Paste F.Mask)
      (net 2 /Vin))
    (pad 2 smd rect (at 0.875 0) (size 0.67 1) (layers F.Cu F.Paste F.Mask)
      (net 3 "Net-(R1-Pad2)"))
    (model ${KISYS3DMOD}/Resistor_SMD.3dshapes/R_0603_1608Metric.wrl
      (at (xyz 0 0 0))
      (scale (xyz 1 1 1))
      (rotate (xyz 0 0 0))
    )
  )

  (module footprints:R_0603_1608Metric (layer F.Cu) (tedit 59FE48B8) (tstamp 5A0C2D90)
    (at 144.6 115.2 180)
    (descr "Resistor SMD 0603 (1608 Metric), square (rectangular) end terminal, IPC_7351 nominal, (Body size source: http://www.tortai-tech.com/upload/download/2011102023233369053.pdf), generated with kicad-footprint-generator")
    (tags resistor)
    (path /5A09B1A3)
    (attr smd)
    (fp_text reference R2 (at 0 -1.65 180) (layer F.SilkS)
      (effects (font (size 1 1) (thickness 0.15)))
    )
    (fp_text value R (at 0 1.65 180) (layer F.Fab)
      (effects (font (size 1 1) (thickness 0.15)))
    )
    (fp_line (start -0.8 0.4) (end -0.8 -0.4) (layer F.Fab) (width 0.1))
    (fp_line (start -0.8 -0.4) (end 0.8 -0.4) (layer F.Fab) (width 0.1))
    (fp_line (start 0.8 -0.4) (end 0.8 0.4) (layer F.Fab) (width 0.1))
    (fp_line (start 0.8 0.4) (end -0.8 0.4) (layer F.Fab) (width 0.1))
    (fp_line (start -0.22 -0.51) (end 0.22 -0.51) (layer F.SilkS) (width 0.12))
    (fp_line (start -0.22 0.51) (end 0.22 0.51) (layer F.SilkS) (width 0.12))
    (fp_line (start -1.46 0.75) (end -1.46 -0.75) (layer F.CrtYd) (width 0.05))
    (fp_line (start -1.46 -0.75) (end 1.46 -0.75) (layer F.CrtYd) (width 0.05))
    (fp_line (start 1.46 -0.75) (end 1.46 0.75) (layer F.CrtYd) (width 0.05))
    (fp_line (start 1.46 0.75) (end -1.46 0.75) (layer F.CrtYd) (width 0.05))
    (fp_text user %R (at 0 0 180) (layer F.Fab)
      (effects (font (size 0.5 0.5) (thickness 0.08)))
    )
    (pad 1 smd rect (at -0.875 0 180) (size 0.67 1) (layers F.Cu F.Paste F.Mask)
      (net 6 "Net-(R2-Pad1)"))
    (pad 2 smd rect (at 0.875 0 180) (size 0.67 1) (layers F.Cu F.Paste F.Mask)
      (net 1 /Gnd))
    (model ${KISYS3DMOD}/Resistor_SMD.3dshapes/R_0603_1608Metric.wrl
      (at (xyz 0 0 0))
      (scale (xyz 1 1 1))
      (rotate (xyz 0 0 0))
    )
  )

  (module footprints:R_0603_1608Metric (layer F.Cu) (tedit 59FE48B8) (tstamp 5A0C2DA1)
    (at 148 115.2 180)
    (descr "Resistor SMD 0603 (1608 Metric), square (rectangular) end terminal, IPC_7351 nominal, (Body size source: http://www.tortai-tech.com/upload/download/2011102023233369053.pdf), generated with kicad-footprint-generator")
    (tags resistor)
    (path /5A09B1FB)
    (attr smd)
    (fp_text reference R3 (at 0 -1.65 180) (layer F.SilkS)
      (effects (font (size 1 1) (thickness 0.15)))
    )
    (fp_text value R (at 0 1.65 180) (layer F.Fab)
      (effects (font (size 1 1) (thickness 0.15)))
    )
    (fp_text user %R (at 0 0 180) (layer F.Fab)
      (effects (font (size 0.5 0.5) (thickness 0.08)))
    )
    (fp_line (start 1.46 0.75) (end -1.46 0.75) (layer F.CrtYd) (width 0.05))
    (fp_line (start 1.46 -0.75) (end 1.46 0.75) (layer F.CrtYd) (width 0.05))
    (fp_line (start -1.46 -0.75) (end 1.46 -0.75) (layer F.CrtYd) (width 0.05))
    (fp_line (start -1.46 0.75) (end -1.46 -0.75) (layer F.CrtYd) (width 0.05))
    (fp_line (start -0.22 0.51) (end 0.22 0.51) (layer F.SilkS) (width 0.12))
    (fp_line (start -0.22 -0.51) (end 0.22 -0.51) (layer F.SilkS) (width 0.12))
    (fp_line (start 0.8 0.4) (end -0.8 0.4) (layer F.Fab) (width 0.1))
    (fp_line (start 0.8 -0.4) (end 0.8 0.4) (layer F.Fab) (width 0.1))
    (fp_line (start -0.8 -0.4) (end 0.8 -0.4) (layer F.Fab) (width 0.1))
    (fp_line (start -0.8 0.4) (end -0.8 -0.4) (layer F.Fab) (width 0.1))
    (pad 2 smd rect (at 0.875 0 180) (size 0.67 1) (layers F.Cu F.Paste F.Mask)
      (net 6 "Net-(R2-Pad1)"))
    (pad 1 smd rect (at -0.875 0 180) (size 0.67 1) (layers F.Cu F.Paste F.Mask)
      (net 7 /5v))
    (model ${KISYS3DMOD}/Resistor_SMD.3dshapes/R_0603_1608Metric.wrl
      (at (xyz 0 0 0))
      (scale (xyz 1 1 1))
      (rotate (xyz 0 0 0))
    )
  )

  (module footprints:SOIC-8-1EP_3.9x4.9mm_Pitch1.27mm (layer F.Cu) (tedit 54130A77) (tstamp 5A0C2DA2)
    (at 143 109)
    (descr "8-Lead Thermally Enhanced Plastic Small Outline (SE) - Narrow, 3.90 mm Body [SOIC] (see Microchip Packaging Specification 00000049BS.pdf)")
    (tags "SOIC 1.27")
    (path /5A09AC83)
    (attr smd)
    (fp_text reference U1 (at 0 -3.5) (layer F.SilkS)
      (effects (font (size 1 1) (thickness 0.15)))
    )
    (fp_text value ADP2303ARDZ-5.0 (at 0 3.5) (layer F.Fab)
      (effects (font (size 1 1) (thickness 0.15)))
    )
    (fp_line (start -3.75 -2.75) (end -3.75 2.75) (layer F.CrtYd) (width 0.05))
    (fp_line (start 3.75 -2.75) (end 3.75 2.75) (layer F.CrtYd) (width 0.05))
    (fp_line (start -3.75 -2.75) (end 3.75 -2.75) (layer F.CrtYd) (width 0.05))
    (fp_line (start -3.75 2.75) (end 3.75 2.75) (layer F.CrtYd) (width 0.05))
    (fp_line (start -2.075 -2.575) (end -2.075 -2.43) (layer F.SilkS) (width 0.15))
    (fp_line (start 2.075 -2.575) (end 2.075 -2.43) (layer F.SilkS) (width 0.15))
    (fp_line (start 2.075 2.575) (end 2.075 2.43) (layer F.SilkS) (width 0.15))
    (fp_line (start -2.075 2.575) (end -2.075 2.43) (layer F.SilkS) (width 0.15))
    (fp_line (start -2.075 -2.575) (end 2.075 -2.575) (layer F.SilkS) (width 0.15))
    (fp_line (start -2.075 2.575) (end 2.075 2.575) (layer F.SilkS) (width 0.15))
    (fp_line (start -2.075 -2.43) (end -3.475 -2.43) (layer F.SilkS) (width 0.15))
    (pad 1 smd rect (at -2.7 -1.905) (size 1.55 0.6) (layers F.Cu F.Paste F.Mask)
      (net 5 "Net-(C3-Pad1)"))
    (pad 2 smd rect (at -2.7 -0.635) (size 1.55 0.6) (layers F.Cu F.Paste F.Mask)
      (net 2 /Vin))
    (pad 3 smd rect (at -2.7 0.635) (size 1.55 0.6) (layers F.Cu F.Paste F.Mask)
      (net 2 /Vin))
    (pad 4 smd rect (at -2.7 1.905) (size 1.55 0.6) (layers F.Cu F.Paste F.Mask)
      (net 3 "Net-(R1-Pad2)"))
    (pad 5 smd rect (at 2.7 1.905) (size 1.55 0.6) (layers F.Cu F.Paste F.Mask)
      (net 6 "Net-(R2-Pad1)"))
    (pad 6 smd rect (at 2.7 0.635) (size 1.55 0.6) (layers F.Cu F.Paste F.Mask))
    (pad 7 smd rect (at 2.7 -0.635) (size 1.55 0.6) (layers F.Cu F.Paste F.Mask)
      (net 1 /Gnd))
    (pad 8 smd rect (at 2.7 -1.905) (size 1.55 0.6) (layers F.Cu F.Paste F.Mask)
      (net 4 /SW))
    (pad 9 smd rect (at 0.5875 0.5875) (size 1.175 1.175) (layers F.Cu F.Paste F.Mask)
      (net 1 /Gnd) (solder_paste_margin_ratio -0.2))
    (pad 9 smd rect (at 0.5875 -0.5875) (size 1.175 1.175) (layers F.Cu F.Paste F.Mask)
      (net 1 /Gnd) (solder_paste_margin_ratio -0.2))
    (pad 9 smd rect (at -0.5875 0.5875) (size 1.175 1.175) (layers F.Cu F.Paste F.Mask)
      (net 1 /Gnd) (solder_paste_margin_ratio -0.2))
    (pad 9 smd rect (at -0.5875 -0.5875) (size 1.175 1.175) (layers F.Cu F.Paste F.Mask)
      (net 1 /Gnd) (solder_paste_margin_ratio -0.2))
    (model Housings_SOIC.3dshapes/SOIC-8-1EP_3.9x4.9mm_Pitch1.27mm.wrl
      (at (xyz 0 0 0))
      (scale (xyz 1 1 1))
      (rotate (xyz 0 0 0))
    )
  )

  (module footprints:SOT-223 (layer F.Cu) (tedit 0) (tstamp 5A0C2DBC)
    (at 131.4 97 180)
    (descr "module CMS SOT223 4 pins")
    (tags "CMS SOT")
    (path /5A09BDA1)
    (attr smd)
    (fp_text reference U2 (at 0 -0.762 180) (layer F.SilkS)
      (effects (font (size 1 1) (thickness 0.15)))
    )
    (fp_text value MCP1825S (at 0 0.762 180) (layer F.Fab)
      (effects (font (size 1 1) (thickness 0.15)))
    )
    (fp_line (start -3.556 1.524) (end -3.556 4.572) (layer F.SilkS) (width 0.15))
    (fp_line (start -3.556 4.572) (end 3.556 4.572) (layer F.SilkS) (width 0.15))
    (fp_line (start 3.556 4.572) (end 3.556 1.524) (layer F.SilkS) (width 0.15))
    (fp_line (start -3.556 -1.524) (end -3.556 -2.286) (layer F.SilkS) (width 0.15))
    (fp_line (start -3.556 -2.286) (end -2.032 -4.572) (layer F.SilkS) (width 0.15))
    (fp_line (start -2.032 -4.572) (end 2.032 -4.572) (layer F.SilkS) (width 0.15))
    (fp_line (start 2.032 -4.572) (end 3.556 -2.286) (layer F.SilkS) (width 0.15))
    (fp_line (start 3.556 -2.286) (end 3.556 -1.524) (layer F.SilkS) (width 0.15))
    (pad 4 smd rect (at 0 -3.302 180) (size 3.6576 2.032) (layers F.Cu F.Paste F.Mask))
    (pad 2 smd rect (at 0 3.302 180) (size 1.016 2.032) (layers F.Cu F.Paste F.Mask)
      (net 1 /Gnd))
    (pad 3 smd rect (at 2.286 3.302 180) (size 1.016 2.032) (layers F.Cu F.Paste F.Mask)
      (net 8 /3v3))
    (pad 1 smd rect (at -2.286 3.302 180) (size 1.016 2.032) (layers F.Cu F.Paste F.Mask)
      (net 7 /5v))
    (model TO_SOT_Packages_SMD.3dshapes/SOT-223.wrl
      (at (xyz 0 0 0))
      (scale (xyz 0.4 0.4 0.4))
      (rotate (xyz 0 0 0))
    )
  )

  (gr_text Vin (at 125 110 270) (layer F.SilkS)
    (effects (font (size 1.5 1.5) (thickness 0.3)))
  )
  (gr_text 3v3 (at 132 81 180) (layer F.SilkS)
    (effects (font (size 1.5 1.5) (thickness 0.3)))
  )
  (gr_text 5V (at 137 81 180) (layer F.SilkS)
    (effects (font (size 1.5 1.5) (thickness 0.3)))
  )
  (gr_text Gnd (at 127 81 180) (layer F.SilkS)
    (effects (font (size 1.5 1.5) (thickness 0.3)))
  )
  (gr_line (start 124 118) (end 124 80) (angle 90) (layer Edge.Cuts) (width 0.15))
  (gr_line (start 152 118) (end 124 118) (angle 90) (layer Edge.Cuts) (width 0.15))
  (gr_line (start 152 80) (end 152 118) (angle 90) (layer Edge.Cuts) (width 0.15))
  (gr_line (start 124 80) (end 152 80) (angle 90) (layer Edge.Cuts) (width 0.15))

  (segment (start 129.02 83.7) (end 129.02 97.48) (width 0.25) (layer B.Cu) (net 1) (status 400000))
  (segment (start 131.4 96.2) (end 131.4 93.698) (width 0.25) (layer F.Cu) (net 1) (tstamp 5A0C6178) (status 800000))
  (segment (start 130.9 96.7) (end 131.4 96.2) (width 0.25) (layer F.Cu) (net 1) (tstamp 5A0C6177))
  (segment (start 129.8 96.7) (end 130.9 96.7) (width 0.25) (layer F.Cu) (net 1) (tstamp 5A0C6176))
  (segment (start 129 97.5) (end 129.8 96.7) (width 0.25) (layer F.Cu) (net 1) (tstamp 5A0C6175))
  (via (at 129 97.5) (size 0.6) (drill 0.4) (layers F.Cu B.Cu) (net 1))
  (segment (start 129.02 97.48) (end 129 97.5) (width 0.25) (layer B.Cu) (net 1) (tstamp 5A0C6172))
  (segment (start 140.3 110.905) (end 137.795 110.905) (width 0.25) (layer F.Cu) (net 3) (status 10))
  (segment (start 137.795 110.905) (end 137.5 111.2) (width 0.25) (layer F.Cu) (net 3) (tstamp 59F7101F) (status 20))
  (segment (start 140.3 107.095) (end 138.095 107.095) (width 0.25) (layer F.Cu) (net 5) (status 400000))
  (segment (start 139.7 105.1) (end 141.925 105.1) (width 0.25) (layer B.Cu) (net 5) (tstamp 5A0C2DF3) (status 800000))
  (segment (start 137.9 106.9) (end 139.7 105.1) (width 0.25) (layer B.Cu) (net 5) (tstamp 5A0C2DF2))
  (via (at 137.9 106.9) (size 0.6) (drill 0.4) (layers F.Cu B.Cu) (net 5))
  (segment (start 138.095 107.095) (end 137.9 106.9) (width 0.25) (layer F.Cu) (net 5) (tstamp 5A0C2DEF))
  (segment (start 143.675 105.1) (end 144.5 105.1) (width 0.25) (layer B.Cu) (net 4) (status 400000))
  (segment (start 145.7 106.3) (end 145.7 107.095) (width 0.25) (layer F.Cu) (net 4) (tstamp 5A0C2E0D) (status 800000))
  (segment (start 144.9 105.5) (end 145.7 106.3) (width 0.25) (layer F.Cu) (net 4) (tstamp 5A0C2E0C))
  (via (at 144.9 105.5) (size 0.6) (drill 0.4) (layers F.Cu B.Cu) (net 4))
  (segment (start 144.5 105.1) (end 144.9 105.5) (width 0.25) (layer B.Cu) (net 4) (tstamp 5A0C2E09))
  (segment (start 145.7 110.905) (end 145.7 114.4) (width 0.25) (layer F.Cu) (net 6) (status 400000))
  (segment (start 145.7 114.4) (end 146.5 115.2) (width 0.25) (layer F.Cu) (net 6) (tstamp 5A0C613B))
  (segment (start 145.475 115.2) (end 146.5 115.2) (width 0.25) (layer F.Cu) (net 6) (status 400000))
  (segment (start 146.5 115.2) (end 147.125 115.2) (width 0.25) (layer F.Cu) (net 6) (tstamp 5A0C613E) (status 800000))
  (segment (start 148.875 115.2) (end 148.875 111.175) (width 0.25) (layer F.Cu) (net 7) (status 400000))
  (segment (start 141.075 97.925) (end 139 97.925) (width 0.25) (layer F.Cu) (net 7) (tstamp 5A0C616F) (status 800000))
  (segment (start 141.9 97.1) (end 141.075 97.925) (width 0.25) (layer F.Cu) (net 7) (tstamp 5A0C616E))
  (via (at 141.9 97.1) (size 0.6) (drill 0.4) (layers F.Cu B.Cu) (net 7))
